14.22783	621.55505
14.66104	580.14600
13.47003	654.26575
12.75560	748.69629
14.58680	756.72815
14.81905	666.31427
13.29224	591.01013
12.75600	684.66138
13.20178	689.91974
13.27894	644.80884
12.55106	678.16785
13.90894	704.96515
14.00146	671.93579
13.95579	759.14642
15.31303	601.74457
13.56507	642.69330
13.13692	720.08380
14.92697	694.31592
13.70025	713.71368
13.77699	754.50391
13.83127	632.32300
13.40282	748.40930
14.32815	739.40564
14.18063	714.32751
12.90989	795.58173
13.81618	617.74884
13.73472	633.68494
14.17395	628.88055
13.80006	690.22400
13.42319	642.14856
15.38252	710.24359
14.45702	650.16858
12.42304	749.43884
16.26614	673.06757
14.36124	557.26312
13.87811	675.40265
13.50675	745.07666
14.80060	585.50696
14.78719	672.97260
12.79980	660.48035
12.78280	670.44287
13.87695	588.05066
15.70484	628.26337
12.43606	669.38776
13.51857	596.83972
12.97812	765.28125
11.66498	674.52966
14.67779	595.72363
13.70329	698.20490
15.68350	695.58765
12.87307	779.86304
14.41690	607.47229
13.20127	713.68787
14.92039	741.46631
14.73304	684.52441
12.94302	696.03253
13.10827	781.12677
12.48727	667.91663
12.52991	615.09106
13.54750	706.49731
13.79900	693.93188
16.08158	720.49036
13.59254	622.30811
13.83980	689.67249
13.03371	696.53754
14.48702	731.45172
15.52225	648.20074
12.67030	630.94568
15.39969	643.41986
14.14079	664.19495
14.73865	615.08551
14.38662	630.15033
14.24779	792.62225
13.52583	666.15405
13.03594	672.88940
13.17482	749.12561
12.97094	663.36133
12.55952	646.68622
14.96923	695.06427
12.91791	656.45142
13.96352	766.42310
12.29276	671.03845
14.72932	598.98785
13.25933	614.41913
14.25092	689.63507
12.52763	740.99097
14.45826	674.13715
13.68034	644.87555
15.19355	727.54602
13.44216	651.38995
14.19358	678.66809
12.75441	735.54620
14.56046	746.61688
12.43653	660.73163
15.64799	663.75330
13.91027	691.24664
14.77906	763.89423
14.47164	726.24176
16.11740	710.63788
14.06053	744.20734
13.50581	689.83362
13.08954	658.21844
11.79079	724.00000
13.55735	673.08630
13.69844	666.99243
14.51221	707.02875
12.80035	668.31281
13.54492	764.00446
13.63177	691.10870
14.81998	682.80591
13.16449	730.20044
13.13599	710.36945
13.36168	638.02393
13.83397	757.42914
13.36652	632.69733
16.38783	660.35126
12.69657	628.77295
12.48912	642.13763
14.90438	580.78937
16.34690	629.78931
12.86943	788.62238
14.42547	669.38782
16.09288	655.89221
13.46070	729.03088
13.13998	767.33710
13.55915	706.29016
14.05509	693.43451
13.43185	664.64325
14.51752	635.21600
15.77975	719.60742
15.49338	627.09528
16.46200	680.68536
11.00372	723.38245
13.62479	662.64880
13.95804	698.57092
12.92502	721.36554
14.20572	654.91345
12.57545	693.22290
13.70957	627.87958
12.77710	605.26013
14.23943	673.91211
12.88144	700.17157
13.37306	652.73248
13.95216	661.48907
13.83153	736.27832
13.47948	715.24731
12.53516	631.26099
15.25676	678.15686
14.91901	603.87836
12.57668	703.47919
13.22479	677.84680
13.47038	645.29370
13.78712	635.37750
13.62149	737.76636
13.12439	696.93640
13.44000	700.35156
14.45972	655.30994
13.67150	711.39557
14.63558	678.12244
13.69670	723.60339
12.51966	723.33124
14.61969	644.34985
14.31079	840.02032
11.47158	651.38123
13.60393	571.33331
15.13832	709.11646
12.90092	605.61316
14.27767	733.52203
11.90814	647.38654
12.86047	723.87305
12.57376	650.85950
13.04722	725.89008
16.40836	556.78687
13.95879	708.86798
13.93405	679.28137
13.31438	664.98798
13.16570	670.91779
14.95291	692.44446
13.01567	625.91119
13.18701	683.30396
14.57713	614.47028
13.73601	693.93036
13.52865	768.17847
14.01412	701.11963
13.41945	790.76788
14.20746	627.23029
13.89674	712.92682
13.39585	658.56848
13.28003	666.01422
14.07570	649.79126
13.40150	638.86719
15.55271	788.78461
14.00592	671.26575
13.79282	700.52551
13.03190	598.24652
13.48772	680.76141
13.61936	749.23846
14.66032	635.21423
14.16478	699.45685
14.88771	643.19830
15.37019	610.04364
14.81652	707.97009
12.97936	655.18567
15.68959	626.70624
12.45334	647.90576
12.17349	744.23926
13.70718	690.96637
13.70270	696.59381
13.00758	635.18616
14.00516	648.01318
14.95473	737.64581
15.53210	729.05212
13.84560	640.91846
15.21670	620.09399
14.02684	614.00330
12.53347	691.37378
14.74042	754.32141
14.32727	611.36780
13.90370	660.42065
12.77609	746.28949
16.08725	672.35773
14.39051	700.10370
15.04637	695.38330
15.02982	720.35339
14.81222	713.04614
14.28345	588.25043
12.91487	777.31525
14.96515	756.21704
13.38737	616.71991
14.21389	602.95001
13.38318	713.29303
15.73864	671.36328
12.80245	649.83606
13.98637	608.23981
14.61216	682.68756
14.27174	680.26978
14.10094	644.40320
15.24683	674.24207
13.79999	679.36743
14.82737	705.58740
16.11451	765.18054
13.13091	670.72351
14.38207	681.24438
13.30623	716.71088
14.69512	707.10962
13.12330	633.87372
14.08245	638.93976
12.09206	725.70520
13.65771	764.44440
14.92089	700.43610
13.95686	809.46130
14.03627	648.42163
13.87097	760.61810
12.35382	648.71008
15.82997	660.38171
14.62703	680.56775
15.04729	724.09772
11.84979	629.96674
14.37927	782.97815
14.40617	690.00745
13.45226	639.80029
14.15119	646.90063
16.92077	673.99512
13.78398	730.56866
12.80264	750.67963
13.10296	736.28705
14.40824	685.41614
12.66074	754.98688
13.73637	716.66260
15.10246	622.11938
11.12639	677.45599
13.87907	733.99762
15.49890	799.00549
13.88975	703.07843
14.37238	691.93829
14.00601	663.27795
11.91201	724.55170
14.59718	605.67133
13.23467	665.79376
15.07393	624.58234
13.55302	757.33154
15.37319	687.66241
16.30701	589.52997
14.24874	680.80255
14.17454	717.85339
13.62593	652.21362
14.03246	583.28394
12.92161	615.62109
15.23647	660.11682
14.51373	776.52563
15.90939	789.13696
13.75602	806.43903
14.47257	714.21936
15.20041	666.02008
13.03738	615.58057
13.62954	680.99908
15.44088	689.21423
13.62213	669.20294
13.58821	599.48651
13.83819	711.49603
14.22751	679.18109
14.54602	839.43201
13.87118	685.40564
13.20490	692.97144
12.65195	691.80219
13.86307	658.68896
15.63851	697.13379
12.34692	741.35187
13.82146	734.55304
12.85988	767.79175
12.35828	655.37378
13.28602	579.78845
12.75550	697.80933
13.67729	711.28326
14.12773	706.67126
13.19663	768.20618
13.41733	676.22449
13.57184	654.21478
12.88506	608.40082
13.42676	726.37799
15.30874	632.85449
12.74805	695.34039
13.81834	634.01935
13.64196	744.25427
13.55365	601.80341
13.34679	582.26953
13.37850	601.25049
15.01644	693.76575
14.08410	618.72095
14.44143	675.93396
13.71922	705.00079
13.50612	683.55463
13.58984	696.57556
14.46099	785.09271
13.90808	741.87189
13.92261	643.76709
14.70039	688.93878
13.05796	625.28156
15.21788	666.13275
12.81355	670.38800
15.14236	634.69666
13.21743	672.45801
14.15128	646.47577
13.63500	702.68237
13.02611	661.54022
14.68329	710.73816
15.32955	730.03656
14.01315	695.21014
13.05379	578.02747
14.95158	573.93677
13.94486	687.86871
12.64204	725.04645
13.18205	690.21283
14.03755	654.15442
14.34320	638.02142
12.00663	688.22186
15.34319	771.63928
14.27806	730.20941
14.07759	683.77747
14.37956	744.40759
14.97339	651.09796
12.36717	653.46399
15.16851	646.17474
13.58705	687.47400
13.50169	823.75000
14.11483	688.01105
13.51586	738.15338
13.44578	733.40247
12.35909	703.69196
13.94384	698.22144
13.53469	738.89661
14.02165	750.55859
15.30322	634.46204
13.68456	673.46185
15.15368	721.80438
13.16593	626.00854
11.60873	758.64136
13.61250	572.96588
12.96331	670.37500
14.60816	714.05182
14.74778	667.32800
15.15399	607.13831
15.30986	667.66559
14.00285	715.66113
12.71832	741.46606
13.87910	765.44647
13.30822	655.79712
13.21517	691.24188
12.74301	672.09686
13.73548	674.88934
14.49479	589.27045
14.03953	683.84680
13.35376	697.46912
14.42996	683.43317
14.84615	785.10016
14.52652	661.63251
12.68101	603.31348
14.41761	646.34827
15.02518	696.94617
14.41013	638.12927
13.71510	662.32288
13.21520	790.15149
15.08489	637.24158
13.61844	710.02930
14.26192	655.18018
14.65079	661.22888
12.74784	700.57672
12.98010	671.21320
16.23328	698.23993
14.53703	711.25281
14.45466	893.62842
12.78307	677.22083
15.57818	654.31378
15.66244	659.73236
14.05754	647.62207
12.11266	654.82373
13.19283	632.28558
12.46726	651.77051
13.30543	735.14221
13.76150	712.36029
13.09499	698.87201
13.85481	559.45374
14.82579	727.48926
13.63536	698.83801
13.81495	758.17102
12.90493	681.32062
14.98164	674.97711
13.96690	599.24768
14.60448	598.91650
13.71720	698.33997
12.89639	683.31824
13.56465	579.16443
14.83195	634.55695
13.32029	666.19226
14.18345	739.05389
14.36192	724.05872
14.84555	730.69489
15.21065	763.14764
15.49659	694.40778
16.36567	648.05377
14.99011	678.80701
13.12162	655.82208
14.36827	648.43475
13.73507	776.11896
13.34143	732.26923
15.21361	701.14648
13.59739	663.64990
13.58929	724.44611
13.46951	590.56128
13.52365	723.29242
13.46497	759.18286
14.18898	763.11469
12.90843	692.79877
13.18290	723.64624
14.18083	734.51550
15.22126	662.37244
13.46974	711.35681
13.68291	689.64069
12.70964	661.47101
12.28366	687.14319
13.87806	811.36182
12.90330	699.76068
13.31002	659.50043
15.41096	660.22778
13.85259	686.95300
14.73308	669.28790
13.75267	685.54895
13.34469	726.54474
14.88576	622.82037
12.83409	679.04871
13.13644	612.91290
14.94129	751.10596
13.09547	732.31549
12.50027	617.96515
13.10482	629.94366
13.26159	721.11993
14.56348	753.84363
14.57507	685.62610
15.00415	636.29565
15.49407	701.93976
12.48504	757.36053
13.23091	646.85883
12.74778	738.85797
14.85156	619.06201
15.39182	608.88916
12.51024	714.25446
14.75093	701.95673
12.13441	583.59827
13.07987	596.69226
13.39754	712.44617
13.28223	715.84882
13.60773	751.29504
12.53292	669.56378
13.52672	817.67285
11.83140	676.27539
14.39127	710.66840
13.37027	782.05640
14.15561	763.20477
14.18120	722.29468
15.04382	669.84595
14.51903	700.62628
15.44483	727.36072
13.54782	505.74731
15.26172	618.94983
16.96796	703.09607
14.14867	623.21692
15.18577	652.90503
13.02045	646.17236
13.32479	650.55402
12.78610	706.21857
15.19118	755.34930
14.26249	633.51001
14.20334	665.21588
12.84954	617.19818
14.44634	680.40759
15.62202	658.38025
14.82755	695.64325
15.06507	708.39221
14.31841	640.98560
15.55140	762.27515
14.52610	753.42456
12.93801	750.91412
13.97667	593.73981
14.61259	721.61395
13.17433	633.74817
14.45623	586.89795
13.99166	626.80353
13.83354	705.03876
14.03607	656.29059
13.98019	723.97736
14.14754	707.01898
14.47029	668.27448
13.54866	664.01007
14.90252	712.97620
12.71831	657.19525
14.21569	720.29175
16.47306	720.95886
14.18209	672.48560
13.00495	714.21649
14.11409	651.61346
13.21215	617.27448
14.26122	541.91876
13.92569	697.05981
12.82850	681.98242
14.80313	780.11066
14.52285	612.00238
13.58696	683.46277
14.19024	759.85443
14.12852	727.21582
14.65171	711.55164
15.49095	705.40112
14.23210	688.84644
12.84634	653.78094
12.88706	567.31976
16.20683	729.86554
13.70336	544.71259
14.02420	703.15045
15.94139	710.40869
13.87665	727.12201
16.10539	666.71741
15.47294	629.03662
13.80011	776.27332
13.70030	632.64044
13.29002	817.03900
13.81486	713.67523
14.29903	689.96118
13.58060	606.51642
14.42694	661.81287
12.47276	679.12921
13.71487	736.78094
13.72645	652.28650
13.22816	673.66461
15.27065	665.27594
13.71649	696.43860
13.06170	679.81793
14.55823	708.72693
14.13548	655.04230
13.43254	676.47729
13.46320	705.72040
12.76028	721.50836
13.94254	659.74713
15.50234	661.69458
13.49136	745.93225
13.41062	650.98517
13.43793	556.81696
13.71730	652.67389
13.62618	700.14435
11.96756	855.91602
12.91033	684.84503
13.65368	618.85248
13.80374	670.22943
14.76979	672.77899
13.38576	679.43488
13.28038	747.26300
15.49117	658.76538
12.96071	611.71143
14.76674	808.85120
13.78827	817.25385
12.82347	719.55286
14.42871	703.78931
13.93942	612.25928
13.77446	756.18762
14.23538	803.15057
14.18375	748.73224
15.48136	735.47736
13.38004	696.05396
14.34655	562.36139
13.18235	589.62238
13.08373	646.22168
15.75137	700.14618
13.62005	593.68060
13.23701	765.11810
13.08387	594.34125
13.11686	663.74750
13.12647	640.12555
13.44078	761.99133
14.91078	589.55145
13.28105	723.25897
16.62075	712.79340
12.59788	707.04944
12.77241	711.81848
12.19733	741.26013
13.57243	649.54846
14.38456	745.86829
12.96542	768.98810
13.01857	693.14612
14.45562	612.81946
15.72663	710.51532
14.32309	732.46716
13.09969	799.85071
15.13170	696.57367
13.75742	597.03748
13.36775	682.32800
12.82002	795.79956
13.02199	666.19983
14.04097	740.74585
13.42708	645.43970
12.73533	655.83411
13.10818	684.95581
13.10573	718.31409
14.53004	696.27240
14.02550	631.08057
12.68922	661.07013
12.95538	737.38531
13.14002	771.98206
13.22927	637.69055
14.59825	797.29211
14.12768	575.48462
13.28824	672.82935
15.31135	662.38568
11.74654	643.80750
12.71800	631.76532
14.87712	647.06384
14.99715	639.19507
13.98351	638.62585
13.42456	628.44653
13.02531	684.95807
13.93432	658.84802
13.83651	561.35101
13.93393	628.06219
13.55605	692.07855
13.95467	651.13129
13.84927	657.99225
13.86721	692.01868
13.44644	629.84430
15.10575	716.29883
12.72663	705.97394
14.61773	715.39618
13.43718	737.71277
12.68388	634.73065
13.78890	710.62219
13.73332	728.75220
15.09015	725.68134
13.87526	630.84644
13.43537	689.92804
12.77196	821.14331
14.99362	771.37329
14.71183	672.09790
14.85842	621.03546
16.09294	664.82251
14.94221	660.55585
15.38350	563.46271
15.01194	721.32819
13.95940	705.08875
15.60655	667.25647
13.13462	584.59967
12.94536	716.20605
15.99472	589.51813
13.90862	710.08301
12.81376	679.67084
13.34630	594.05237
13.30884	702.93213
12.96026	672.41418
13.81319	643.74463
12.76357	755.69867
13.44969	582.01501
13.82498	584.33636
13.80172	683.34283
14.33419	770.08960
13.67273	635.97754
13.88542	722.23071
14.27111	716.18848
13.29057	797.55658
14.70914	670.99884
14.12823	570.74115
13.76755	716.64282
13.63391	802.26776
14.31842	675.77484
12.96484	624.37579
13.01279	651.93121
13.55948	676.14423
13.90804	663.24408
12.54719	809.15875
14.72853	682.15479
15.15214	705.21765
15.60168	678.27271
13.36757	637.87604
13.97906	726.37695
15.67717	703.56207
13.43032	576.63354
14.33956	622.96973
13.28137	718.22607
13.39301	678.41412
14.70323	653.94122
16.11347	706.36670
13.93886	696.94171
14.17455	613.30377
13.65810	593.78442
14.17489	714.26160
14.29494	760.81909
13.62768	683.90356
13.15345	691.66541
12.77630	703.65442
15.16845	623.25989
14.35168	760.33838
15.07034	677.14777
13.10333	666.01764
12.62907	529.27460
14.88426	657.40216
14.12639	661.75049
12.70042	721.13312
13.99981	756.25281
14.13229	691.60028
12.81001	712.59332
14.84641	771.23914
15.07684	693.56842
13.79377	686.54919
14.16180	560.01965
13.02432	732.48828
15.07881	646.81024
13.85465	626.22906
13.52085	640.12842
14.12831	644.89313
12.95827	649.55493
13.43370	679.77826
12.95697	653.95642
15.10830	650.82947
14.69486	710.87579
14.85382	646.81702
14.52937	698.24091
13.77652	707.83551
14.57349	622.43634
12.56158	715.49475
14.66516	751.06891
13.07913	637.17938
13.54729	734.85120
15.38708	752.67230
13.18210	665.99402
15.66884	647.76337
14.47191	734.87085
15.12329	591.31165
13.10492	655.45032
13.49809	745.76367
13.66439	694.03076
13.60401	758.28748
14.21947	647.63977
13.08364	618.91748
15.63059	660.79199
13.64094	666.61743
15.64310	683.80829
12.20003	660.14966
13.39227	681.98798
14.22316	706.42883
13.47022	642.52246
15.13672	642.27582
13.29996	792.09766
13.11100	734.38605
12.86197	616.94421
12.08014	659.47363
13.78140	671.74353
14.26116	633.62524
14.00847	631.01776
13.79965	713.92865
12.16246	631.67712
13.32600	714.11926
13.44358	704.23615
14.59899	760.19141
15.78116	687.45630
13.42308	733.31018
12.61661	694.27618
14.96943	632.81342
13.18434	569.76233
14.45860	701.11224
14.70118	525.18262
13.37468	709.97668
15.15409	765.59448
14.08803	850.20721
13.40428	674.34692
13.73741	648.92462
14.43352	722.09283
14.39820	642.98572
12.46617	753.91522
14.58521	646.63361
15.01137	659.65009
14.82051	680.48004
13.34561	689.47980
16.01003	650.94348
14.19718	667.96155
12.12941	666.36420
13.17624	668.22858
15.16872	657.38104
13.81894	711.34784
13.29272	701.81873
14.86966	707.99225
13.17834	750.31384
15.96032	701.93866
14.49409	596.46753
13.84002	686.61188
15.01505	780.41754
14.61071	702.51709
12.91998	797.66101
12.90891	655.08386
13.88284	657.61591
15.11907	691.99994
12.74315	729.20569
15.34629	702.68091
12.76042	647.17377
13.08064	734.65961
14.00684	591.59790
13.17571	784.84180
14.80342	578.06183
13.91993	667.70746
15.37630	680.32275
12.49738	584.72986
14.49912	735.98822
14.40734	719.15833
16.25473	665.16833
14.04492	641.83740
13.34093	649.64844
14.56396	691.69354
14.58158	675.99194
13.74092	786.98859
13.99593	609.42365
13.42681	664.42786
13.95301	655.52240
13.57065	717.56189
13.81653	712.14685
13.35168	622.35858
13.79852	714.50464
13.85828	688.94849
14.55707	613.22449
14.27079	746.73083
15.57660	648.91870
13.54598	625.45490
13.70871	710.96338
14.04763	824.42566
14.90882	614.55933
13.78273	565.37506
13.52318	526.37476
14.63116	581.91113
15.68875	697.97394
14.12100	694.15106
13.26788	729.92920
14.26788	689.47131
13.74495	645.18146
13.67158	710.12866
12.36319	544.43701
15.95044	654.12128
15.78448	723.22156
12.44180	585.45929
13.66251	652.62030
13.47367	635.95624
13.16513	680.33838
13.41937	752.30090
13.05296	695.84338
12.71246	747.60199
13.06413	634.02704
16.20703	706.51489
13.75994	752.23303
13.24590	661.77338
13.50649	733.32611
13.96826	592.95721
14.25173	673.75397
13.50078	782.46826
14.46939	660.76886
13.19476	692.51678
14.67324	749.86517
13.39429	674.18024
12.53550	617.79669
13.87414	624.53882
13.59204	612.22015
13.63624	708.30121
15.82810	692.72382
14.11330	709.66321
14.73241	610.14386
15.18270	683.62915
14.77161	785.74426
13.10563	718.04150
17.21465	689.12207
13.05562	710.43335
14.02310	648.13159
13.66633	656.52692
13.56469	684.28064
14.82089	645.09625
13.22973	750.68475
12.89923	738.68530
12.77331	771.24164
12.58237	705.94354
12.58838	783.91510
13.17356	605.65784
13.77900	728.25391
13.26686	673.18817
12.39866	804.94415
14.28160	715.99426
14.39645	741.21350
15.22603	702.74274
15.04179	721.23401
13.75199	694.09210
13.86118	674.19153
13.65438	750.67548
14.64159	597.72620
13.57266	788.40363
12.58075	678.47357
13.78269	756.65179
12.98128	673.50006
16.56753	637.53644
13.63212	629.49377
12.98646	654.37897
15.28856	683.34863
13.04536	675.26465
13.10857	744.22534
13.56114	692.14307
14.42782	681.05884
14.84561	672.10547
13.21164	641.13165
13.86295	668.53754
14.68952	698.38617
13.41655	857.54645
14.28485	582.74200
13.42488	654.40735
14.32320	665.16241
12.57706	685.62933
14.67871	694.47113
13.10236	641.10498
13.76542	640.34625
14.43435	694.17725
14.36106	717.37305
13.98503	740.69012
13.29887	664.92017
13.83147	647.47113
16.06741	663.36041
14.59249	707.31824
14.39242	659.84308
12.95654	588.29187
14.55468	783.93286
12.71147	736.52905
12.97051	803.67560
13.31672	696.07983
12.57956	620.05139
14.15342	665.41571
14.02230	564.05652
13.46626	713.75360
13.57482	810.32452
13.60809	633.21301
14.19599	594.87799
12.96808	715.73474
14.90259	686.54578
13.59678	604.15582
15.59676	696.72070
17.23985	665.60175
16.17255	671.57733
13.06286	710.50061
13.90129	594.22064
12.93970	693.73102
13.76354	697.34686
15.42776	637.54541
14.58541	628.64349
15.09608	722.84058
12.53843	681.82739
15.06255	537.92755
13.96551	669.75897
15.38698	631.38812
12.75698	656.85516
14.03744	787.77423
14.84520	693.01074
13.35529	768.55957
15.14032	644.80585
14.41900	703.43872
14.97874	763.68616
13.82160	699.70087
14.12129	697.05707
14.35478	655.66302
13.91945	664.11310
15.38991	679.14362
13.82997	729.51959
14.38785	680.93359
12.93861	599.85431
13.05607	641.91150
14.30409	600.78961
13.93341	705.40155
13.80018	609.67426
13.41554	630.88763
14.18786	736.40167
13.83997	699.80121
14.80921	564.94238
13.12181	668.26178
14.96609	696.19434
13.08627	712.61102
14.28696	703.32147
14.94572	584.50647
13.63196	804.29492
14.94816	728.02570
14.74833	656.27557
13.65828	630.52948
13.03973	814.06342
13.02934	713.02148
13.10001	697.58301
13.87676	629.08978
13.28242	644.63318
14.64442	688.09338
12.28225	701.56976
14.66841	741.52710
13.73435	688.28619
13.19246	702.95667
14.59029	620.41058
13.41764	742.72278
12.93064	641.51556
14.92857	770.65027
15.13261	681.90155
13.41290	741.93304
13.16845	694.57043
11.07418	695.65491
14.58002	695.02985
14.88902	574.96863
14.96342	725.17084
12.59846	671.92047
14.51608	623.60498
14.41738	692.20410
10.85016	674.35052
14.51121	646.90332
14.52709	721.50580
13.65984	692.82281
14.42395	723.04700
14.10907	663.28937
13.53738	715.96429
13.94143	571.34070
13.72760	637.74915
14.28687	645.33307
15.27336	661.12128
16.68593	665.84485
15.48343	673.12506
13.55699	637.52820
13.46730	789.06274
14.66141	545.39618
15.47397	624.22980
13.45426	659.18079
13.86033	685.28632
13.72558	676.83661
12.81129	688.39758
14.32902	660.22516
14.60416	664.59100
12.55633	664.68829
13.01235	629.01544
15.89652	880.79565
13.07390	657.32715
12.33539	696.30573
13.70766	692.90320
12.54902	746.04993
13.50316	618.09399
14.12402	728.56915
15.77526	659.88666
14.91557	644.86725
13.37350	728.40857
14.66229	705.93115
14.16503	812.51941
14.77209	750.42529
14.21686	737.89087
13.12941	802.64612
15.66691	775.43829
13.33839	692.91846
14.77211	722.06879
13.28755	758.04346
14.89918	629.76538
13.27044	662.96484
14.83590	657.21698
14.64868	630.51202
15.41677	736.84839
12.81336	665.40918
13.04702	717.44684
12.51961	670.22974
15.55319	732.00269
13.48002	712.95966
12.51106	717.51172
13.89401	602.89386
13.85597	718.77478
14.38453	693.97620
13.84716	655.47125
14.98598	651.70343
12.89079	722.60437
13.41403	645.97278
13.76076	664.57275
12.66931	657.20380
13.70579	723.32300
12.81326	718.61255
13.22825	732.03955
13.97978	587.67316
14.51046	704.06055
14.18125	633.04474
13.76639	684.26721
15.18710	582.60345
13.81177	816.35394
12.98425	580.82727
15.06250	635.29449
13.35025	676.26538
15.09435	732.40015
14.64030	642.63934
14.70119	714.11853
13.89607	720.86340
14.51012	702.15344
12.72926	580.18213
13.35476	570.35590
13.88972	656.32819
12.78996	657.54480
12.27079	634.73535
13.54856	728.70660
13.77042	634.47174
15.43074	624.17963
13.14139	629.56049
16.41293	705.58075
14.05615	605.57587
13.63581	750.10083
13.43059	661.16492
13.80406	646.05408
13.16775	644.19470
15.98176	647.70795
15.17040	771.85229
13.24439	671.68951
14.03211	691.62561
15.08212	721.90741
12.82984	601.81207
13.56913	685.57306
12.67408	696.15833
14.11819	649.55042
11.88617	711.56415
13.45545	707.02539
12.84726	611.23199
15.95926	749.48907
14.17426	731.93970
13.07271	643.39069
13.30523	744.17432
12.97335	668.74133
14.57071	756.79254
12.99113	724.53754
14.35158	759.30145
14.66411	732.54968
14.19106	710.81116
15.24184	655.78973
14.47303	820.61786
12.90624	667.84308
14.66128	656.96655
13.17800	657.05090
16.11481	633.29419
13.18306	763.18378
13.13035	680.21252
14.51283	650.26947
12.69589	736.86896
13.53054	687.09161
13.56257	782.08301
13.49076	793.00305
12.19044	802.23975
14.17240	657.47668
13.17917	630.61243
14.34157	652.29883
14.08828	638.30066
12.63805	711.55389
13.73914	666.83600
14.29454	677.26990
14.52953	715.48987
14.74383	672.58020
12.69187	674.31909
12.95543	642.23120
13.53041	612.69965
13.56035	720.31140
13.90866	663.98370
12.46059	717.39471
15.11880	715.51617
12.51561	583.50818
13.45595	633.55560
14.73302	641.02460
15.15579	717.03076
13.65448	711.82135
13.69669	656.37909
13.70851	649.18616
12.72775	676.12457
14.59937	686.07581
13.94342	686.89227
12.81523	702.52875
13.68185	746.07086
13.37941	634.95447
15.79289	835.72778
14.20726	648.04767
13.80732	744.41803
14.63348	730.49963
16.75951	711.95807
14.12555	748.34125
13.87426	671.59039
13.80921	648.38190
13.37990	670.76880
13.34334	742.03094
14.18119	708.61865
14.27789	660.40863
13.54564	818.33704
12.73029	678.51727
12.32291	764.39307
13.96141	779.75677
14.16471	624.55945
12.44440	679.69525
16.37147	755.47882
12.75944	683.02948
13.85344	729.44427
13.80859	669.87164
13.29501	623.71924
12.51906	658.63184
14.51881	581.94928
13.15073	712.00641
12.54802	620.61011
16.50021	699.29822
15.00261	666.02197
13.46836	681.51044
14.15375	711.27362
13.71512	730.27679
12.58326	748.49615
14.61645	730.85394
15.02888	699.52063
12.82304	756.13593
12.72510	730.78790
13.45763	656.87073
14.06524	691.54102
14.53414	664.45520
13.47303	634.96698
13.64441	792.52997
14.67266	716.90601
13.27553	729.39215
14.46883	701.39172
13.23755	720.52808
12.70737	686.56195
15.52221	618.42596
14.28008	780.20898
13.81629	691.90558
13.17913	675.94250
13.86002	693.31476
13.90630	731.32581
14.47311	652.34949
14.14621	749.63037
13.11095	656.15936
12.48372	594.74261
13.98293	641.20612
13.71372	692.72736
14.39300	672.80566
14.61981	742.54816
13.69892	598.11658
16.43782	677.05261
13.94376	816.94800
12.25839	740.49878
13.44562	633.22253
13.47645	690.76917
13.90498	643.83575
14.16157	655.61206
14.79090	581.35156
11.60563	718.61633
13.98650	734.65717
14.31164	655.15039
12.83207	753.19623
15.94565	674.47852
13.10967	715.61731
13.97254	687.45111
12.59153	715.43835
14.29059	622.79199
15.07314	702.06006
14.88524	695.76837
12.37390	726.23340
14.10473	702.72662
14.09170	762.01501
13.70745	714.40015
12.96367	742.95593
15.92389	670.92236
14.24061	635.92108
12.13227	704.26349
14.28584	579.96454
14.06432	694.36792
13.06205	653.99481
15.11558	631.81213
15.44348	710.83875
14.42506	718.69299
15.26427	649.53381
14.23638	704.11725
15.61362	720.09784
15.40279	658.62378
14.53806	702.50299
14.09408	668.72583
12.82516	746.47150
14.78969	657.65442
14.43653	571.91125
14.67024	693.33301
14.56236	807.61377
13.75603	706.65613
13.56735	693.02008
13.79730	636.27209
13.44700	604.64410
13.56799	714.12152
16.02182	638.73175
13.11260	670.03516
13.30518	683.05823
14.25828	647.11646
14.71206	723.41327
13.64597	754.04816
13.36099	702.56537
14.48792	804.24750
14.44456	667.33807
14.18434	646.38605
12.99603	757.98737
13.26491	636.27063
13.29825	682.98590
14.07636	663.40283
14.98814	665.78961
14.28181	768.04480
13.95724	697.90942
14.89377	701.14264
14.24814	713.29150
15.26344	728.39441
14.90852	719.92938
14.86043	597.52423
13.98964	722.21136
12.10247	681.12958
12.81579	673.07874
13.85142	699.98737
16.23103	752.69965
13.45666	657.02234
13.43780	678.70227
14.87261	589.57965
13.38321	717.60205
14.67572	650.02008
14.00545	719.49023
12.88883	764.28082
14.11107	692.84467
14.08978	716.50946
15.52448	671.61377
13.85833	620.63116
11.11914	723.07526
13.53655	679.61963
14.91676	755.46649
14.12684	718.03949
14.27274	651.79315
13.72225	703.58636
16.86768	732.02966
13.22901	719.24988
15.19081	610.51129
12.18960	634.69836
13.22681	785.34167
14.51175	659.64545
13.27615	674.81824
14.28038	599.99591
14.37661	560.27661
13.40297	730.09686
15.53432	663.31488
13.65211	696.01013
13.72680	758.61047
13.43458	673.90887
13.70922	651.52606
14.22706	738.02063
15.49066	660.04309
13.99610	666.72455
13.65744	748.23535
12.56783	591.78741
14.37111	639.01825
13.02098	766.94287
15.17140	752.72913
14.52151	660.58429
15.29748	620.98010
13.61696	794.80170
12.94661	723.92102
13.49350	737.08209
13.88498	739.00195
14.22171	812.49640
14.65947	666.14752
13.86226	657.45160
14.22489	659.17389
13.64975	726.25140
14.89738	692.85168
13.43134	664.37756
14.91735	647.09399
12.61055	735.76056
14.39627	584.57684
14.74683	644.54584
13.07660	700.11139
11.66483	686.13776
13.27035	643.23688
12.80942	634.97992
12.35380	653.89087
14.73917	684.66510
13.13447	785.19092
14.41657	682.76422
14.48592	757.97186
14.45016	682.00824
15.19053	653.07007
13.89812	684.96777
13.81971	754.18768
13.59763	738.88495
13.42214	696.92450
12.91026	689.29596
12.28759	717.20679
14.97471	674.65936
13.31815	644.46527
14.31034	666.60272
13.52137	613.04419
13.64514	727.27649
13.92688	657.97205
14.77839	721.05737
13.85960	609.85260
13.50684	683.25952
14.59176	713.54114
14.50633	795.80377
12.70723	727.21442
15.58494	688.85455
14.77685	605.55725
14.19831	667.91925
14.14355	766.48492
13.58792	738.43799
14.40762	716.54828
12.81237	745.76263
13.27812	756.92462
13.12118	652.27850
14.58132	685.21991
14.19494	706.94000
14.34726	717.48920
14.00666	674.90112
14.27865	707.28125
14.08463	666.60028
14.73343	632.79596
14.25191	717.24353
14.52369	680.54169
14.68106	695.19122
13.71251	604.13971
15.62230	765.63574
14.01600	689.18018
13.09079	701.14807
14.42855	698.50055
15.62899	645.99799
13.77131	785.25317
15.14363	719.47253
15.06348	530.17065
13.45968	633.47382
14.77152	618.12964
12.79276	819.16064
13.40098	799.93256
13.05295	727.99817
14.21437	764.07953
13.91925	692.52295
13.75929	706.68945
13.85405	704.21112
14.58148	624.88214
13.32638	727.60596
14.84091	753.64026
16.40703	648.73950
14.98720	762.06097
12.91954	721.46960
15.46386	698.57263
12.81596	642.37360
14.27069	726.89392
13.85772	628.94592
14.11874	800.40448
13.13563	637.10944
12.67873	570.31165
14.47740	710.40741
13.95158	667.39252
13.50739	577.84387
12.36931	723.71985
13.91332	766.63983
13.89953	660.76208
13.97305	715.41754
15.67083	781.36139
15.25273	661.66412
13.65230	677.76331
12.50243	692.78259
13.85198	663.95209
14.94081	718.62268
14.13846	638.64484
14.95585	723.70215
12.79469	748.78308
13.17813	763.34796
13.75673	603.28021
14.01702	649.16638
15.00344	656.91589
14.14961	690.69012
15.79948	621.79120
13.73204	636.88861
14.81910	650.43146
15.12520	588.87628
13.26383	707.80145
13.56526	734.86255
14.34868	647.50500
13.24492	718.48926
13.32049	655.80432
15.10659	662.98932
13.25008	600.56647
14.35640	666.53394
14.54712	705.69196
13.64368	579.65851
13.17397	672.17090
13.17512	572.72070
14.73394	743.56433
14.30479	729.16040
12.80967	645.85785
12.13200	618.83124
11.28843	608.94006
15.65519	640.66742
14.26851	708.26202
15.30571	823.20068
13.89999	617.65051
13.76313	681.80328
12.76483	601.23718
14.91850	649.28302
14.03533	776.57574
16.28410	597.58032
12.18291	729.42981
13.90508	743.88080
13.55390	712.85095
12.01600	697.02307
13.07264	620.01990
13.37381	744.13470
14.96950	669.97308
13.90420	612.42163
13.36630	616.87665
12.92682	637.84595
14.34165	752.99390
13.69993	613.52594
13.21739	730.95514
14.48970	662.54486
13.34630	701.28113
13.93625	694.59644
15.21357	674.31317
13.33733	722.06519
13.17843	653.71582
12.93425	644.54578
13.94711	721.88269
14.58199	680.66852
13.47606	722.06482
15.31287	661.73462
13.34979	655.16589
12.80909	751.87262
14.86040	694.31000
15.02149	664.12897
14.36633	741.81580
14.06191	691.32922
14.68312	705.74658
14.93360	774.19336
14.68449	664.71149
13.92286	694.64435
13.50406	685.89490
14.21232	610.76013
13.25505	725.67291
13.92512	691.23254
12.75868	599.17285
13.03771	571.37750
13.78545	686.81360
13.11957	664.85828
13.06121	603.27423
15.78852	667.34796
13.24584	582.53918
15.40537	653.32312
13.41240	684.69684
13.14177	742.82202
13.80211	652.08264
14.42449	749.11121
13.06699	688.34082
15.40881	728.02014
13.40152	658.94263
12.80973	650.37805
13.37813	613.30328
16.39399	646.91071
14.41786	715.63116
13.16034	706.04211
13.46484	658.68011
13.19940	673.50159
13.22216	767.62567
13.96708	612.13861
14.10045	809.45013
14.78981	670.43018
13.34368	617.35364
14.79302	682.39154
13.38367	724.10754
16.18501	695.21930
14.14062	817.34265
14.32414	681.22211
14.62224	753.31006
15.20493	673.14270
14.27080	587.90356
13.64830	653.85901
13.00858	725.88043
13.46883	651.16998
13.60851	623.57617
13.51909	669.82977
14.31296	648.63525
12.84358	669.06256
14.00444	683.13574
14.00477	647.60156
15.79207	707.03705
15.05556	684.37854
12.91948	663.41296
15.16797	612.48859
13.28417	647.24390
15.30277	656.36737
16.00910	723.24847
13.46601	720.80896
12.41440	703.60382
15.13257	716.66687
13.07036	653.38611
12.62538	637.91901
12.74968	631.76563
13.43729	739.77539
14.68516	694.99609
12.66732	742.24017
14.39598	725.80249
15.65406	707.23859
13.40318	679.14307
14.53668	581.03955
13.72151	640.96619
13.44232	786.01636
12.48600	645.53448
13.87994	640.10461
13.20116	753.70813
14.22657	737.53400
12.95828	683.88501
11.38462	654.09808
13.55738	624.20374
12.97899	662.96283
13.79327	764.12616
13.56594	682.58167
13.18940	610.56018
13.57490	652.68652
13.67553	638.18243
13.84364	674.57269
15.45179	759.95685
16.58296	579.78662
12.90602	666.00018
15.27939	572.76270
15.83317	666.10913
12.81742	740.12610
14.33397	585.48462
13.46935	789.97797
12.98154	725.67297
13.72715	680.38184
12.19832	718.95477
12.77849	699.07489
16.38265	605.73596
15.40786	587.24823
12.71554	664.33386
14.76900	643.05389
14.56239	705.67511
12.50511	734.69739
12.97361	637.21307
14.49139	588.43970
13.63518	707.20313
13.20262	611.21045
14.64215	691.96210
12.93476	730.02655
13.58310	755.35730
15.06334	613.53668
13.03552	678.10150
13.67791	683.87360
13.08841	721.57471
13.72905	662.46613
13.38543	798.79236
13.33344	746.56488
14.52834	634.27307
14.52331	703.45581
14.53337	676.49512
12.97004	645.17700
13.62056	732.20685
14.05628	670.13342
14.08602	605.62396
14.56652	656.39319
14.27989	674.51428
11.71819	653.93152
13.78281	685.88599
14.90633	680.68616
14.92239	672.56555
14.14036	635.27777
13.77693	758.74646
15.42015	656.43140
13.35534	713.61377
13.36849	603.40918
13.14360	689.72412
14.76978	691.42950
14.06349	547.86169
13.40225	650.18585
13.08224	664.49176
13.92439	720.89246
14.40254	714.79803
13.04304	712.77435
14.12146	687.16296
14.00417	696.84869
14.25649	721.76324
12.98722	693.55096
13.91441	678.66962
12.98793	635.77802
12.38369	717.39478
13.92547	576.15875
13.80260	594.88470
13.78634	670.68768
13.78919	703.18396
15.67502	714.61304
13.97811	657.34033
15.38743	689.38654
13.69776	756.23914
14.37454	712.59814
13.18392	759.97217
13.77040	680.64148
13.54565	685.29181
12.20467	675.47296
13.82684	786.50629
14.29529	597.22852
13.94147	810.44788
15.66114	790.67035
13.74066	645.04901
14.00256	711.06104
12.41768	679.05127
13.79888	711.43250
14.60898	719.04028
14.60157	707.71375
12.68938	686.71136
14.31628	604.71271
13.87016	663.92975
14.75130	677.30499
14.53153	729.77301
13.84767	734.52911
12.59428	706.82880
14.34710	664.19171
13.51881	763.62231
12.34726	643.45483
13.71054	719.44806
13.93751	716.69733
12.90784	723.30804
13.40519	670.74841
14.28503	720.82379
13.71262	747.28027
14.79779	710.05060
13.14406	596.02069
13.84310	604.82758
14.40731	598.99786
13.51718	697.31482
13.59033	700.12946
15.14750	749.37195
13.18153	610.95953
14.45420	681.58911
13.96826	678.49579
14.71719	658.58099
13.48871	698.87268
14.30408	639.84064
14.79345	698.65594
15.48539	649.89063
14.29503	618.32336
12.66254	478.91406
13.73283	707.86383
15.18136	711.72278
14.54624	703.21234
13.04797	670.73407
11.89287	712.65466
14.14577	668.78912
12.64602	758.75745
13.28132	562.86993
12.71721	672.30975
13.94138	718.41406
12.86201	636.99323
13.92751	810.78125
13.32966	681.46399
13.81883	547.40027
13.30716	673.01654
13.42380	706.14984
13.20115	666.78827
14.16413	754.85864
14.10124	656.37744
16.53141	669.46356
14.46920	632.33447
14.36859	733.84155
14.13077	699.05743
14.27636	758.19757
14.73651	582.52637
13.46853	721.94556
13.25560	697.24933
14.13564	668.71429
14.03386	751.27911
15.96259	675.65112
13.92582	609.44067
14.32506	653.54358
12.02955	649.30768
14.31920	606.31604
13.64567	779.02301
15.75850	756.18665
15.25642	735.57593
13.00793	662.21814
14.45163	597.64496
14.58919	664.75745
13.89224	730.26520
13.99171	689.70709
14.19882	685.30182
15.04871	545.99719
13.03985	693.01648
14.31567	708.69739
12.57637	778.62177
14.01033	647.23486
13.55095	664.08136
14.28491	621.99207
15.02843	645.60126
15.42515	695.95087
15.11170	733.45605
14.58433	678.06342
13.52854	659.20105
13.71601	593.16455
13.45049	634.61346
13.99319	654.80103
16.07227	636.10767
12.95297	660.75391
13.05442	661.37506
14.61502	795.01758
13.72411	619.61163
13.68594	767.47778
14.12383	654.36652
13.34924	680.92566
13.20770	705.27917
14.14216	759.05365
14.42784	742.06964
14.63528	582.05182
13.30669	633.14099
13.44057	647.81793
14.40777	601.86707
13.87522	731.95172
13.96453	613.68958
14.30691	598.13342
14.17970	817.16058
17.08381	754.32751
14.28380	764.71057
13.02561	715.39771
13.31929	741.53650
13.47235	739.21893
13.22499	671.42877
12.90179	627.02594
13.66356	705.04266
15.08785	606.16919
13.12271	649.28754
12.30574	746.51434
14.42539	623.24640
14.20488	725.57941
13.94166	721.42865
14.22146	697.17383
12.94959	601.56842
14.12880	617.77911
13.29154	714.25146
14.42905	703.83398
14.54825	756.17542
14.02872	681.46460
15.51329	710.49237
14.30965	780.98859
13.21960	671.50165
14.59951	682.87488
14.48554	666.51593
15.19949	685.30139
14.22165	693.31482
15.35545	876.74841
12.65133	675.58392
13.96703	724.35931
14.22467	744.50934
12.19271	692.31348
13.93451	692.06165
13.08620	697.16443
14.54550	725.72638
14.37905	632.57062
11.76779	673.57928
13.80291	656.83667
15.99856	763.92780
12.91585	745.60651
13.16109	653.75330
12.90926	758.31158
14.85676	651.02667
12.73487	730.73877
15.18730	656.36688
13.23048	627.40320
14.54631	639.58624
13.64409	727.48474
13.91190	609.85529
14.18915	782.92383
13.78764	610.21747
12.03110	807.45038
13.30902	679.80164
14.24956	662.82831
13.42778	744.99585
13.81256	741.38672
13.04140	687.13293
13.45697	625.74438
13.08498	647.60419
11.64096	732.80994
13.43949	689.44122
13.30340	754.46173
13.96671	675.54236
15.37019	744.24835
13.69123	719.93207
13.42472	639.59698
12.68237	758.86536
13.69368	663.60840
14.56979	702.17676
12.96002	665.84113
12.34007	707.43091
13.61392	699.05396
13.40646	746.86334
14.02998	699.78857
14.05373	755.27515
12.99879	784.79944
14.38052	690.34326
14.34535	665.36670
13.74632	726.62054
12.69674	563.96094
12.59945	661.43896
13.76377	652.83893
13.14050	599.35754
13.45798	795.93042
12.42090	664.08954
14.70113	698.33179
13.44362	727.54834
12.77650	712.57758
14.99921	731.33429
14.16779	668.40332
13.04490	712.27802
15.13648	671.37518
13.75906	614.59094
13.32736	707.78296
13.03763	577.59344
13.23924	657.81696
13.70682	768.73834
14.79429	674.29443
13.54514	675.95581
14.30590	597.05609
14.93133	614.82831
13.13447	691.59613
13.03004	737.50006
13.86572	698.58997
11.47018	723.65295
13.74166	654.54883
12.55499	719.11615
14.57267	754.83649
13.15893	771.40472
13.52719	689.27405
15.49399	714.70709
14.13733	600.61938
14.53706	668.29132
15.47900	745.42786
14.44884	817.93726
14.26421	763.18213
13.30270	645.98260
15.39649	573.47791
13.20089	606.25299
14.92629	653.21301
15.26369	720.96039
14.74304	622.57471
13.42715	733.81055
13.23381	633.07825
13.82414	689.32800
13.64302	672.84631
13.66241	676.89038
13.92863	560.11121
13.11027	661.08698
14.91423	684.39490
12.17501	723.36334
14.09058	737.91772
13.03578	724.62445
14.09448	643.04730
13.98683	741.77844
14.16074	614.41528
13.92520	719.76923
13.45500	667.87665
14.40029	756.75940
15.05473	665.57062
13.15029	665.34253
13.03414	719.10547
12.65625	700.02100
14.71929	622.23517
13.28243	722.38910
14.45778	609.07782
12.66053	709.87433
15.23940	602.81915
13.99330	700.66522
11.54320	669.19897
15.35752	683.75842
14.28523	664.89990
11.25964	730.02661
14.04478	696.69421
13.07468	679.06335
12.84015	665.66565
12.74591	739.30975
14.26999	689.05219
13.96848	660.39453
12.94989	667.10376
13.56990	712.31549
12.39368	681.88721
12.53521	657.98987
12.67439	726.72546
13.81182	661.68652
14.25857	673.19147
13.48579	777.92358
13.68491	695.88232
13.88906	739.47571
17.02355	488.41940
14.02670	723.12836
15.08275	667.23615
13.23828	685.08313
14.86558	560.68793
13.86957	689.33899
14.68792	611.60651
13.26552	750.17340
13.88073	738.65424
13.04915	662.76849
15.15655	694.47437
13.61550	652.95117
13.31332	672.82098
14.23022	696.39825
13.25342	730.09589
13.87294	666.66125
12.92674	720.14740
15.57181	744.96967
13.27717	725.66699
13.74972	725.70813
12.93248	653.45026
14.65271	688.74579
14.17490	717.02515
15.22881	782.35999
13.70501	810.45190
13.59581	675.85052
11.35876	759.26532
14.39205	691.15741
15.99831	523.12970
16.49033	762.44672
14.44403	693.68585
14.44638	722.07886
14.31176	650.01044
13.56791	606.56256
14.06682	690.27020
14.14411	688.18707
13.22434	640.54639
16.14697	757.39075
13.00562	682.53101
13.85938	752.21155
12.41638	650.47876
15.25911	592.10394
14.18434	710.00775
14.21932	652.70697
13.98062	640.47607
14.17038	660.60907
14.75876	718.35382
13.54745	746.39050
12.75831	685.49335
16.01354	666.17834
13.45504	687.13190
14.85609	649.87115
16.17967	771.23010
14.12384	681.14459
14.44623	720.79468
13.07742	676.66321
13.96010	841.61713
15.15746	751.00494
12.54923	661.54187
13.78099	703.72314
14.33961	659.14282
14.18318	755.88666
12.93807	728.57501
14.00053	709.90454
13.16019	713.55499
14.84050	742.96637
13.05607	677.62335
11.98385	671.65143
14.46433	665.38794
14.87280	704.37054
14.56845	592.72168
13.34289	660.68951
13.48739	668.21564
15.23440	718.39209
15.75192	596.48645
13.21985	711.30219
14.81964	685.09070
13.80763	701.88348
14.67288	769.23761
14.24311	529.92358
13.65005	726.96393
14.52354	752.69971
13.56911	670.46216
14.26710	614.58691
16.11682	663.39014
13.59083	713.78925
13.52396	715.46124
13.21409	679.88519
14.80833	601.11682
13.87989	670.99127
15.53105	665.25867
14.33659	649.17358
15.20060	655.51465
15.73088	667.20343
13.64199	692.91412
13.48559	676.97803
14.65704	610.10944
13.94027	615.16156
14.08773	748.71680
14.06124	722.11560
13.57833	761.19397
13.42345	569.48700
12.86054	737.01477
14.74132	739.80493
16.36034	714.50610
13.26219	812.19574
13.79510	705.68207
15.07371	655.77844
14.33655	569.76642
13.28206	740.07733
12.91171	683.17047
14.58814	628.02191
14.20397	741.88739
13.30382	703.73199
13.47173	755.67249
12.08629	737.80817
13.64820	783.92664
14.60475	527.40979
15.11519	670.76434
15.85349	660.87061
15.77729	613.31177
